1403636626213555456.000000 18.372264862 -6.642087460 -48.948654175 -0.579840422 -0.568578303 -0.396006286 0.428582281
1403636626263555584.000000 18.371908188 -6.636052132 -48.932262421 -0.580669701 -0.567335904 -0.394608825 0.430391222
1403636627263555584.000000 18.450119019 -6.650237083 -48.928997040 -0.570265651 -0.585526526 -0.398769170 0.415859431
1403636627763555584.000000 18.499849319 -6.693772316 -48.862712860 -0.591533542 -0.573461592 -0.398632467 0.402892232
1403636628013555456.000000 18.532831192 -6.704283237 -48.884967804 -0.613133192 -0.566934228 -0.400661260 0.376993299
1403636628563555584.000000 18.608125687 -6.643609524 -48.790966034 -0.612249851 -0.535680413 -0.417379260 0.404958159
1403636629163555584.000000 18.766096115 -6.608083725 -48.759071350 -0.632035613 -0.534824371 -0.422264695 0.369034559
1403636629263555584.000000 18.796014786 -6.601244926 -48.748104095 -0.636743605 -0.526811838 -0.428032249 0.365807831
1403636629613555456.000000 18.909267426 -6.562670708 -48.752994537 -0.659091651 -0.489773840 -0.440739840 0.362585396
1403636629813555456.000000 18.991744995 -6.539478779 -48.790309906 -0.685015976 -0.471373886 -0.446672887 0.330216825
1403636630063555584.000000 19.105966568 -6.496970654 -48.837974548 -0.706311464 -0.442378819 -0.461087048 0.304670185
1403636630513555456.000000 19.323635101 -6.387366772 -48.814933777 -0.702558577 -0.424034715 -0.485221952 0.301936507
1403636630563555584.000000 19.347717285 -6.374572277 -48.805175781 -0.701980233 -0.426661909 -0.485161036 0.299670130
1403636633463555584.000000 20.340917587 -5.303598404 -48.966373444 -0.641072035 -0.521918297 -0.429765254 0.363221467
1403636634763555584.000000 20.814775467 -4.500917912 -49.004150391 -0.626769841 -0.522312582 -0.444140196 0.370255023
1403636634863555584.000000 20.852970123 -4.438018322 -49.006175995 -0.625216007 -0.527977467 -0.438509494 0.371556431
1403636635163555584.000000 20.956018448 -4.250726700 -48.987808228 -0.619319439 -0.542514980 -0.428324640 0.372369468
1403636635313555456.000000 21.002696991 -4.155971527 -48.991634369 -0.620796740 -0.544248044 -0.421736419 0.374891937
1403636635713555456.000000 21.130128860 -3.890833616 -48.974925995 -0.625965834 -0.538243830 -0.414225578 0.383246183
1403636635913555456.000000 21.206537247 -3.749265194 -48.928878784 -0.628571153 -0.527340651 -0.412958622 0.395316869
1403636636013555456.000000 21.251136780 -3.678807497 -48.900444031 -0.632394433 -0.530705333 -0.408590227 0.389208525
1403636636113555456.000000 21.299385071 -3.607668638 -48.875301361 -0.632077873 -0.537212372 -0.409909070 0.379282057
1403636636513555456.000000 21.497179031 -3.319103241 -48.745803833 -0.604917705 -0.530154109 -0.448411047 0.389793307
1403636636613555456.000000 21.542526245 -3.255887032 -48.722511292 -0.600917161 -0.533078730 -0.453868330 0.385654241
1403636636913555456.000000 21.647172928 -3.096592188 -48.704639435 -0.595391333 -0.544856489 -0.460272551 0.369851112
1403636637113555456.000000 21.682113647 -3.012702465 -48.727508545 -0.607465565 -0.539018810 -0.440304518 0.382852763
1403636637663555584.000000 21.744235992 -2.785788298 -48.739788055 -0.616933107 -0.547390640 -0.419808418 0.378837764
1403636637963555584.000000 21.771505356 -2.644820452 -48.663291931 -0.610848188 -0.545491517 -0.425663531 0.384855807
1403636638263555584.000000 21.796115875 -2.502384424 -48.660011292 -0.606775224 -0.543155372 -0.429684103 0.390099764
1403636638563555584.000000 21.824209213 -2.372030020 -48.719963074 -0.632568240 -0.548718810 -0.390916288 0.382033348
1403636638663555584.000000 21.840862274 -2.323514938 -48.730705261 -0.629602611 -0.552696764 -0.394605368 0.377377093
1403636638863555584.000000 21.883779526 -2.210097313 -48.719856262 -0.618917942 -0.550458133 -0.409784794 0.382116377
1403636639263555584.000000 21.991399765 -1.960272193 -48.693176270 -0.626954019 -0.535063803 -0.396390468 0.404363781
1403636639363555584.000000 22.030910492 -1.894887209 -48.712516785 -0.623019695 -0.540328085 -0.402471066 0.397377640
1403636639463555584.000000 22.074535370 -1.828568101 -48.737186432 -0.618179321 -0.546737373 -0.409456939 0.388944268
1403636639663555584.000000 22.163516998 -1.694721937 -48.796859741 -0.605530918 -0.554002821 -0.426663101 0.379962981
1403636641263555584.000000 22.649730682 -0.909346104 -48.865905762 -0.581345320 -0.570657134 -0.413656652 0.406541944
1403636642613555456.000000 22.907390594 -0.613158047 -48.880252838 -0.616472304 -0.533570409 -0.433549106 0.383796602
1403636642813555456.000000 22.937646866 -0.595325291 -48.913291931 -0.626431048 -0.535236478 -0.425495565 0.374245495
1403636643563555584.000000 23.066381454 -0.489501506 -48.912422180 -0.629039824 -0.535998940 -0.419192940 0.375887483
1403636643813555456.000000 23.123949051 -0.428454965 -48.871059418 -0.631918848 -0.544973135 -0.411267012 0.366800159
1403636644413555456.000000 23.285896301 -0.160180062 -48.859012604 -0.628833055 -0.525276184 -0.415958643 0.394502670
1403636644513555456.000000 23.320468903 -0.104530402 -48.878860474 -0.627508283 -0.517606020 -0.417820692 0.404651940
1403636644963555584.000000 23.527225494 0.101491056 -49.038398743 -0.617686808 -0.532007515 -0.436032832 0.381190956
1403636645513555456.000000 23.786897659 0.369002789 -49.142181396 -0.636439919 -0.542170882 -0.413326800 0.360771388
1403636645613555456.000000 23.835723877 0.439597309 -49.158584595 -0.635105252 -0.540731490 -0.416290909 0.361873984
1403636645763555584.000000 23.908832550 0.554478347 -49.182399750 -0.633340418 -0.539793909 -0.418691576 0.363592952
1403636646063555584.000000 24.056455612 0.808092237 -49.162132263 -0.637536407 -0.524722159 -0.424060583 0.372003466
1403636646563555584.000000 24.354480743 1.207959414 -49.105590820 -0.679723263 -0.431131452 -0.486181170 0.340191007
1403636646963555584.000000 24.597558975 1.437564611 -49.022907257 -0.695269823 -0.413874209 -0.496822953 0.313807279
1403636647363555584.000000 24.816959381 1.616184473 -48.963157654 -0.700031459 -0.418043613 -0.488513023 0.310725898
1403636647513555456.000000 24.896303177 1.674915195 -48.960330963 -0.696450233 -0.416158080 -0.490328103 0.318352044
1403636647863555584.000000 25.088981628 1.776509643 -48.940120697 -0.696993291 -0.411058992 -0.494352877 0.317562819
1403636647963555584.000000 25.146142960 1.795563579 -48.937404633 -0.701174915 -0.404225945 -0.498098373 0.311212480
1403636648063555584.000000 25.203165054 1.809040785 -48.944179535 -0.708868325 -0.392186522 -0.503115535 0.300948977
1403636649263555584.000000 25.816604614 1.744415998 -49.021335602 -0.769303441 -0.264142990 -0.547749758 0.195885003
1403636649413555456.000000 25.888946533 1.734892726 -48.970245361 -0.768942416 -0.268364966 -0.545760512 0.197112471
1403636650163555584.000000 26.175409317 1.627009630 -48.718822479 -0.769418359 -0.238537967 -0.562663496 0.185755104
1403636651063555584.000000 26.319128036 1.334542036 -48.786705017 -0.799486041 -0.126099437 -0.578958452 0.098631665
1403636651263555584.000000 26.329055786 1.271422505 -48.758575439 -0.800967455 -0.128583670 -0.576166630 0.099746644
1403636651663555584.000000 26.325033188 1.145682216 -48.710781097 -0.798404038 -0.137895346 -0.575890660 0.109022841
1403636652113555456.000000 26.284376144 0.961403012 -48.751758575 -0.802703679 -0.078106970 -0.584970534 0.085881919
1403636653663555584.000000 26.235404968 0.136608154 -48.831909180 0.811647356 -0.024926897 0.583382189 0.016503392
1403636653863555584.000000 26.242052078 0.053710677 -48.814975739 0.806929708 -0.021284699 0.590057552 0.015606999
1403636654263555584.000000 26.212707520 -0.097684368 -48.842403412 0.808276892 -0.036647022 0.587423921 0.016693771
1403636654563555584.000000 26.158250809 -0.213579521 -48.814201355 0.810565293 -0.078522444 0.577961147 0.052716643
1403636655363555584.000000 25.986639023 -0.466295868 -48.817024231 0.792892396 -0.134353578 0.588041544 0.086474806
1403636655463555584.000000 25.955789566 -0.493725717 -48.826499939 0.790355563 -0.142459691 0.588944137 0.090488851
1403636655863555584.000000 25.778482437 -0.598256707 -48.873046875 0.798677087 -0.197934568 0.557086647 0.112211585
1403636656063555584.000000 25.686290741 -0.661670864 -48.931751251 0.790449440 -0.230258346 0.552311063 0.130855873
1403636656163555584.000000 25.639738083 -0.697091818 -48.949020386 0.788596332 -0.238593876 0.549092710 0.140307188
1403636656263555584.000000 25.592483521 -0.733904183 -48.954696655 0.788863242 -0.242964521 0.544809759 0.147802308
1403636656663555584.000000 25.431703568 -0.904680490 -48.900695801 0.787164032 -0.241743594 0.545899808 0.154681489
1403636656863555584.000000 25.359575272 -0.997577131 -48.882949829 0.775263190 -0.231852800 0.565442085 0.159645244
1403636656963555584.000000 25.320299149 -1.041557074 -48.885562897 0.772953987 -0.228625506 0.569928825 0.159542039
1403636657313555456.000000 25.154117584 -1.175185204 -48.922794342 0.773587048 -0.231881142 0.571485221 0.145598486
1403636657513555456.000000 25.037040710 -1.247055292 -48.934471130 0.783138156 -0.239368647 0.557589889 0.135981008
1403636657613555456.000000 24.976388931 -1.286442757 -48.945156097 0.785906434 -0.240419537 0.553410530 0.135226980
1403636657763555584.000000 24.885133743 -1.351105809 -48.967426300 0.784859657 -0.242808729 0.553788900 0.135488883
1403636658163555584.000000 24.634117126 -1.568145990 -49.019104004 0.788047493 -0.251602143 0.543626070 0.141944990
1403636658263555584.000000 24.570878983 -1.633675456 -49.018730164 0.789062262 -0.247348070 0.541590571 0.151259109
1403636658363555584.000000 24.509796143 -1.700232983 -49.023723602 0.790118694 -0.245394140 0.539513350 0.156267092
1403636658463555584.000000 24.451511383 -1.767241120 -49.032794952 0.791490495 -0.243532389 0.537037790 0.160701886
1403636658663555584.000000 24.346019745 -1.899883389 -49.057903290 0.793230414 -0.236393929 0.534023106 0.172403052
1403636658763555584.000000 24.299627304 -1.962825537 -49.074134827 0.792015076 -0.233471900 0.535635531 0.176911414
1403636658963555584.000000 24.220232010 -2.077589273 -49.113731384 0.784183800 -0.231888026 0.546646833 0.180169493
1403636659163555584.000000 24.149776459 -2.174474001 -49.167484283 0.776108980 -0.235544920 0.558156908 0.175026476
1403636659463555584.000000 24.041345596 -2.290446997 -49.243083954 0.784224451 -0.237243563 0.547126472 0.171347812
1403636659563555584.000000 24.006900787 -2.323225021 -49.255424500 0.785366595 -0.238117993 0.545208097 0.171018392
1403636659663555584.000000 23.974063873 -2.353891373 -49.268398285 0.783491373 -0.237590954 0.547307014 0.173628926
1403636659763555584.000000 23.942892075 -2.381712914 -49.286937714 0.781209111 -0.237956434 0.549752593 0.175673530
1403636660063555584.000000 23.855339050 -2.445395231 -49.375766754 0.787917614 -0.243831903 0.537654817 0.175097734
1403636660163555584.000000 23.829694748 -2.461832047 -49.413234711 0.791714728 -0.245380670 0.531480849 0.174654797
1403636660263555584.000000 23.808143616 -2.477897882 -49.452510834 0.793990254 -0.246576726 0.527769566 0.173893258
1403636660663555584.000000 23.787956238 -2.545617580 -49.563640594 0.795495868 -0.243577555 0.525610447 0.177735850
1403636660763555584.000000 23.800537109 -2.563242912 -49.594028473 0.787860394 -0.236901015 0.537104785 0.186205536
1403636661213555456.000000 23.883903503 -2.575733662 -49.787761688 0.775831580 -0.236208737 0.555027366 0.185028061
1403636661513555456.000000 23.936534882 -2.525816441 -49.890937805 0.775510252 -0.239043295 0.555822611 0.180286855
1403636661713555456.000000 23.963850021 -2.474946976 -49.922008514 0.775481105 -0.241427779 0.556562185 0.174872532
1403636661913555456.000000 23.982538223 -2.416808128 -49.924419403 0.770557761 -0.247913301 0.563979447 0.163422287
1403636662113555456.000000 23.985868454 -2.359241247 -49.898090363 0.770005345 -0.246246427 0.565331578 0.163874462
1403636662763555584.000000 23.949398041 -2.143082380 -49.906791687 0.781462550 -0.260090858 0.545815468 0.154125169
1403636663163555584.000000 23.932071686 -2.045665979 -49.983448029 0.787637174 -0.275437444 0.533931792 0.136670619
1403636663613555456.000000 23.945413589 -2.047090054 -50.075870514 0.807714283 -0.248520851 0.504676521 0.176455736
1403636663913555456.000000 24.046213150 -2.067651987 -50.153091431 0.805751801 -0.227594629 0.509355366 0.198801383
1403636664013555456.000000 24.101619720 -2.069472075 -50.164405823 0.800010681 -0.218250990 0.518870354 0.207661018
1403636664113555456.000000 24.165317535 -2.062940121 -50.170101166 0.795539379 -0.216538876 0.527197361 0.205647886
1403636664413555456.000000 24.386699677 -2.001023531 -50.191738129 0.782780528 -0.220424861 0.552019835 0.184232593
1403636664513555456.000000 24.460615158 -1.970029593 -50.222476959 0.781519175 -0.219167978 0.555839002 0.179544747
1403636664613555456.000000 24.533617020 -1.934287310 -50.254165649 0.779881477 -0.220512480 0.560615003 0.169911772
1403636664813555456.000000 24.670576096 -1.852238297 -50.298477173 0.783863783 -0.215756238 0.558738828 0.163760915
1403636665413555456.000000 25.053392410 -1.568916798 -50.275089264 0.789631307 -0.218869001 0.555634320 0.140887648
1403636665913555456.000000 25.359312057 -1.335836768 -50.199504852 0.784521163 -0.217704177 0.559421778 0.155495062
1403636666213555456.000000 25.532670975 -1.182695627 -50.173721313 0.780367255 -0.224091887 0.563923359 0.150997713
1403636666413555456.000000 25.633403778 -1.084960699 -50.184436798 0.777836680 -0.226960033 0.567847848 0.144941598
1403636666613555456.000000 25.713768005 -0.990571141 -50.185211182 0.784625590 -0.224905163 0.559877872 0.142538279
1403636666813555456.000000 25.780866623 -0.899506688 -50.161380768 0.796521127 -0.218652904 0.544590354 0.145486668
1403636667563555584.000000 26.064357758 -0.656210244 -50.185626984 0.794719338 -0.209450275 0.549984992 0.148553625
1403636668213555456.000000 26.315982819 -0.485281140 -50.209007263 0.797385991 -0.219105184 0.543052852 0.145815223
1403636668513555456.000000 26.452266693 -0.430340886 -50.267795563 0.795513511 -0.220758945 0.542065382 0.156808779
1403636668763555584.000000 26.580432892 -0.381283611 -50.323974609 0.794267833 -0.218412548 0.541275442 0.168687180
1403636669163555584.000000 26.810157776 -0.249375284 -50.362068176 0.781332433 -0.220101118 0.558603287 0.170404136
1403636669313555456.000000 26.891141891 -0.180138826 -50.370197296 0.779674470 -0.221538782 0.560378790 0.170305327
1403636669613555456.000000 27.039693832 -0.020396508 -50.417572021 0.770670414 -0.219311744 0.572938859 0.172367945
1403636669813555456.000000 27.118829727 0.106034972 -50.443893433 0.761750758 -0.221520245 0.586129606 0.164671659
1403636669963555584.000000 27.159177780 0.210913420 -50.447448730 0.762011349 -0.244053304 0.585918248 0.128360614
1403636670363555584.000000 27.157150269 0.426548958 -50.406490326 0.755346239 -0.255289733 0.598319590 0.079328418
1403636670513555456.000000 27.107591629 0.467549026 -50.400085449 0.760121882 -0.246829450 0.598232031 0.058382213
1403636670813555456.000000 26.919656754 0.446292728 -50.346553802 0.773779154 -0.196745276 0.601920128 0.015792072
1403636672113555456.000000 25.425054550 -0.954711616 -49.935398102 -0.861704111 -0.056648970 -0.504196644 0.006543517
1403636672863555584.000000 25.244323730 -1.453429699 -49.822872162 -0.824421883 -0.048344254 -0.563591838 0.018859208
1403636674363555584.000000 25.552253723 -1.279158592 -49.899311066 -0.813645840 -0.107461274 -0.565998673 0.077962071
1403636675763555584.000000 26.256961823 -0.640135407 -50.141452789 -0.789991140 -0.197883040 -0.569954336 0.109125704
1403636676963555584.000000 26.856054306 0.233148172 -50.334838867 -0.741639733 -0.355516523 -0.505214989 0.261412293
1403636677163555584.000000 26.938735962 0.390071034 -50.360572815 -0.735080779 -0.366370112 -0.512211323 0.251135260
1403636678963555584.000000 27.261539459 1.347795367 -50.337898254 -0.555121899 -0.603268445 -0.422488540 0.386536390
1403636679413555456.000000 27.207675934 1.486463308 -50.369529724 -0.498933256 -0.636814952 -0.359370530 0.465172142
1403636679763555584.000000 27.159709930 1.545246959 -50.327480316 -0.460115254 -0.670802057 -0.324183106 0.482932597
1403636680063555584.000000 27.137123108 1.567423224 -50.223411560 -0.435200602 -0.677526414 -0.345883310 0.481583983
1403636680363555584.000000 27.091287613 1.534319997 -50.120403290 -0.426866740 -0.681025624 -0.364574879 0.470185161
1403636680663555584.000000 26.985168457 1.438815713 -50.073799133 -0.435806900 -0.683698833 -0.364718437 0.457830518
1403636680963555584.000000 26.813579559 1.301215410 -50.069496155 -0.472569227 -0.671967447 -0.320378065 0.471694857
1403636681113555456.000000 26.725265503 1.234223127 -50.084678650 -0.481221050 -0.681047618 -0.309003443 0.457293540
1403636681863555584.000000 26.270511627 0.976164877 -50.099166870 -0.453301668 -0.672821760 -0.336395174 0.478191227
1403636682163555584.000000 26.076034546 0.851794839 -50.068527222 -0.453916371 -0.671681881 -0.329574585 0.483925581
1403636682963555584.000000 25.579019547 0.498521328 -50.027893066 -0.455670893 -0.667149723 -0.341125876 0.480529338
1403636683163555584.000000 25.454399109 0.396782249 -50.008483887 -0.455460072 -0.667950332 -0.341239661 0.479535192
1403636683313555456.000000 25.358394623 0.313412130 -50.010189056 -0.457711101 -0.668310940 -0.335282445 0.481089175
1403636683763555584.000000 25.074871063 0.049273141 -50.064163208 -0.460452080 -0.673793256 -0.322338372 0.479671240
1403636684363555584.000000 24.725620270 -0.280538231 -50.014751434 -0.451503575 -0.674395680 -0.319736034 0.488982528
1403636684663555584.000000 24.570337296 -0.446094841 -49.993961334 -0.451766819 -0.670319378 -0.314625114 0.497584015
1403636684963555584.000000 24.442787170 -0.621381938 -50.024757385 -0.446498007 -0.673674047 -0.321939856 0.493110180
1403636685113555456.000000 24.386863708 -0.713772833 -50.036994934 -0.445675761 -0.677200854 -0.325818330 0.486430526
1403636686763555584.000000 23.680849075 -1.754474521 -50.080532074 -0.463695318 -0.677438796 -0.315503627 0.475942135
1403636687213555456.000000 23.501855850 -1.962834358 -50.053718567 -0.460837334 -0.673058927 -0.316074729 0.484476477
1403636688563555584.000000 23.128582001 -2.556056261 -50.299549103 -0.450116813 -0.679030180 -0.324560076 0.480597287
1403636688863555584.000000 23.041601181 -2.695983410 -50.388854980 -0.443317622 -0.686011732 -0.326508045 0.475657433
1403636689163555584.000000 22.924945831 -2.833197117 -50.432411194 -0.439928830 -0.694108725 -0.301468879 0.483520657
1403636689463555584.000000 22.801897049 -2.949321270 -50.406288147 -0.433387935 -0.700355709 -0.290723652 0.486987203
1403636689663555584.000000 22.722461700 -3.012155294 -50.354732513 -0.436401546 -0.703637064 -0.281726211 0.484849453
1403636689813555456.000000 22.664625168 -3.048752785 -50.321010590 -0.446888775 -0.703504801 -0.267682910 0.483443290
1403636689963555584.000000 22.609857559 -3.067943096 -50.294658661 -0.453679025 -0.695331156 -0.261294037 0.492357075
1403636690113555456.000000 22.564405441 -3.069606781 -50.277164459 -0.452049285 -0.696418226 -0.267314523 0.489076763
1403636690563555584.000000 22.449750900 -2.984726906 -50.203884125 -0.447584450 -0.696598709 -0.278984517 0.486401200
1403636690713555456.000000 22.414335251 -2.934107065 -50.189846039 -0.456183285 -0.686312318 -0.266803682 0.499687880
1403636690863555584.000000 22.390466690 -2.873229265 -50.204620361 -0.462990314 -0.671444893 -0.256223738 0.518797755
1403636691013555456.000000 22.389945984 -2.802526236 -50.230724335 -0.458716720 -0.654750407 -0.260580420 0.541275203
1403636691163555584.000000 22.424415588 -2.730065107 -50.239830017 -0.447372794 -0.646502018 -0.273690999 0.554063201
1403636691313555456.000000 22.496229172 -2.669378042 -50.231147766 -0.427116007 -0.654967785 -0.301046163 0.545857489
1403636691463555584.000000 22.590730667 -2.628284931 -50.211025238 -0.423684418 -0.671985030 -0.301936686 0.527031243
1403636691613555456.000000 22.694492340 -2.597931385 -50.171245575 -0.426413327 -0.683881581 -0.292254835 0.514844537
1403636691763555584.000000 22.803726196 -2.570556879 -50.120616913 -0.418988138 -0.694977522 -0.300072581 0.501409709
1403636691913555456.000000 22.911037445 -2.548794746 -50.083213806 -0.420476645 -0.695322394 -0.296843708 0.501607418
1403636692063555584.000000 23.016845703 -2.530481577 -50.054782867 -0.420964688 -0.688119411 -0.296017885 0.511521220
1403636692263555584.000000 23.159341812 -2.511795998 -50.009098053 -0.418085068 -0.693511128 -0.302797019 0.502554715
1403636692463555584.000000 23.299266815 -2.506342411 -49.933784485 -0.421240866 -0.694716573 -0.301060289 0.499287248
1403636692763555584.000000 23.496698380 -2.509764194 -49.782402039 -0.419951200 -0.700773418 -0.309065998 0.486863226
1403636693463555584.000000 23.768903732 -2.543526649 -49.559719086 -0.433657020 -0.711116850 -0.285639048 0.473988175
1403636693613555456.000000 23.799047470 -2.539981127 -49.542209625 -0.440471351 -0.717883170 -0.274344742 0.464073002
1403636693913555456.000000 23.832891464 -2.481119156 -49.515842438 -0.431392461 -0.706750512 -0.285023034 0.482872874
1403636694163555584.000000 23.845561981 -2.408219814 -49.510044098 -0.421053320 -0.693918586 -0.297382742 0.502747178
1403636695113555456.000000 23.903812408 -2.179037094 -49.513317108 -0.434145868 -0.692213237 -0.286253870 0.500416875
1403636695513555456.000000 23.956016541 -2.078106880 -49.492996216 -0.429498315 -0.693352342 -0.302963883 0.492957056
1403636695713555456.000000 23.978326797 -2.032746315 -49.479854584 -0.426891863 -0.693400919 -0.310214251 0.490638047
1403636697613555456.000000 23.923137665 -2.009945393 -49.532924652 -0.439682335 -0.690397859 -0.316870153 0.479190648
1403636700013555456.000000 23.136247635 -2.507158756 -49.657489777 -0.739496350 -0.356353283 -0.499293804 0.277242124
1403636701563555584.000000 23.341154099 -2.832533360 -49.951961517 -0.757184744 -0.320906937 -0.518834293 0.233454734
1403636701813555456.000000 23.408395767 -2.864154816 -49.939559937 -0.753896117 -0.318540573 -0.524066031 0.235642478
1403636702063555584.000000 23.477062225 -2.901699543 -49.961193085 -0.768092513 -0.286101252 -0.530387640 0.216491982
1403636703313555456.000000 23.875505447 -2.979030848 -50.364665985 -0.789571106 -0.214975387 -0.543354571 0.187427133
1403636703513555456.000000 23.960474014 -2.975135088 -50.379566193 -0.786418438 -0.224792331 -0.547952771 0.175392017
1403636704563555584.000000 24.391416550 -2.989464283 -50.452152252 -0.794063032 -0.244260401 -0.530490339 0.168466225
1403636704763555584.000000 24.485782623 -2.977733612 -50.455101013 -0.798603535 -0.249724001 -0.522899032 0.162625134
1403636704963555584.000000 24.592433929 -2.947688818 -50.483070374 -0.804879069 -0.253896862 -0.511709690 0.160808265
1403636705163555584.000000 24.718261719 -2.893847704 -50.522460938 -0.797624469 -0.255795211 -0.521621764 0.162094906
1403636705563555584.000000 24.991546631 -2.726992369 -50.563621521 -0.790307939 -0.255277723 -0.532103658 0.164658323
1403636705813555456.000000 25.164808273 -2.595520020 -50.607406616 -0.788615465 -0.251014262 -0.535183132 0.169282585
1403636706063555584.000000 25.342815399 -2.452457428 -50.632671356 -0.783505261 -0.234640837 -0.540961504 0.196020216
1403636706313555456.000000 25.524068832 -2.330894470 -50.648101807 -0.777777970 -0.246194974 -0.547701061 0.185669363
1403636706813555456.000000 25.860517502 -2.099713564 -50.706756592 -0.785977185 -0.260039121 -0.535792887 0.165968448
1403636707013555456.000000 25.991191864 -1.988415241 -50.695949554 -0.787200749 -0.255786926 -0.536480129 0.164551362
1403636707413555456.000000 26.249471664 -1.733139277 -50.647270203 -0.788642526 -0.247504413 -0.540562272 0.156770557
1403636708113555456.000000 26.709936142 -1.203598142 -50.568988800 -0.787950873 -0.241675213 -0.538930357 0.174013495
1403636708763555584.000000 27.173954010 -0.773012102 -50.684322357 -0.776616693 -0.240660653 -0.553432584 0.180724651
1403636708963555584.000000 27.312194824 -0.671796441 -50.717380524 -0.772138774 -0.244001985 -0.562776864 0.165973127
1403636709363555584.000000 27.515674591 -0.468807876 -50.721271515 -0.779137313 -0.238856196 -0.558408737 0.155152962
1403636709813555456.000000 27.655958176 -0.209521413 -50.757797241 -0.782230139 -0.244453996 -0.552602828 0.151619509
1403636710013555456.000000 27.699317932 -0.076008171 -50.769058228 -0.780512035 -0.246262759 -0.553331733 0.154853910
1403636710413555456.000000 27.744647980 0.216811255 -50.808425903 -0.778429270 -0.243391186 -0.549113035 0.182437778
1403636710813555456.000000 27.768718719 0.493917674 -50.921981812 -0.762828588 -0.281766981 -0.537356555 0.223490134
1403636711213555456.000000 27.785448074 0.720179439 -50.970680237 -0.736619532 -0.344120055 -0.535196781 0.229210675
1403636711613555456.000000 27.737760544 0.925283492 -50.958038330 -0.720686018 -0.335287780 -0.554113805 0.247288719
1403636711963555584.000000 27.618423462 1.060744762 -50.925109863 -0.735253692 -0.326509476 -0.539651513 0.248132631
1403636712163555584.000000 27.530227661 1.115157962 -50.887096405 -0.742668748 -0.317259490 -0.529794276 0.259051561
1403636713413555456.000000 26.776298523 1.109673142 -50.531749725 -0.712605357 -0.381859541 -0.515202820 0.284504771
1403636713813555456.000000 26.488328934 0.993852973 -50.378414154 -0.725653112 -0.369552761 -0.501262426 0.292565137
1403636714213555456.000000 26.245035172 0.837716758 -50.307254791 -0.725525081 -0.370137781 -0.509460151 0.277599871
1403636714463555584.000000 26.109031677 0.725999892 -50.296951294 -0.732295454 -0.367262781 -0.502390802 0.276523054
1403636714713555456.000000 25.988046646 0.616233170 -50.305095673 -0.729347885 -0.392655343 -0.483056456 0.283778191
1403636715113555456.000000 25.838737488 0.478526413 -50.244499207 -0.685488403 -0.468160599 -0.460246623 0.314808398
1403636716413555456.000000 25.577222824 0.153827637 -50.109729767 -0.673072934 -0.459394604 -0.470079511 0.339049608
1403636716863555584.000000 25.504352570 -0.036394008 -50.140434265 -0.658040524 -0.479742825 -0.463119894 0.349784940
1403636717463555584.000000 25.397615433 -0.302704006 -50.122570038 -0.597199678 -0.555030584 -0.441281766 0.374918818
1403636717913555456.000000 25.260816574 -0.502977133 -50.150375366 -0.588880301 -0.564540505 -0.434148133 0.382138073
1403636718313555456.000000 25.055223465 -0.676754236 -50.146255493 -0.557783425 -0.596928537 -0.396389395 0.418843031
1403636718513555456.000000 24.937694550 -0.764185429 -50.172500610 -0.542964518 -0.610977352 -0.375840306 0.436623842
1403636718713555456.000000 24.822700500 -0.847157180 -50.217330933 -0.535519302 -0.618598938 -0.352800697 0.453967154
1403636719413555456.000000 24.508874893 -1.095272541 -50.305324554 -0.507905662 -0.624133825 -0.369704425 0.464550912
1403636720263555584.000000 24.221225739 -1.478223920 -50.367092133 -0.530577004 -0.621924937 -0.361167163 0.448615283
1403636721063555584.000000 24.084163666 -1.758247972 -50.417106628 -0.550339520 -0.602123976 -0.374379218 0.440923393
1403636721913555456.000000 24.077133179 -2.023701429 -50.446952820 -0.596500516 -0.553045332 -0.419450909 0.402975172
1403636722163555584.000000 24.074316025 -2.107423782 -50.464069366 -0.592149258 -0.558257341 -0.423205137 0.398253024
1403636723313555456.000000 23.981695175 -2.512817383 -50.455097198 -0.602124572 -0.548389852 -0.426110923 0.393883407
1403636725913555456.000000 23.595857620 -3.271254778 -50.132770538 -0.683761299 -0.451831341 -0.470982581 0.326334804
1403636726913555456.000000 23.533151627 -3.428350210 -50.063365936 -0.671865225 -0.455384612 -0.472890347 0.342923820
1403636727413555456.000000 23.532751083 -3.552275658 -49.900135040 -0.662166178 -0.473846793 -0.477726042 0.329822868
1403636727913555456.000000 23.462215424 -3.678798199 -49.745330811 -0.660144091 -0.475536495 -0.480923861 0.326783121
1403636728313555456.000000 23.352790833 -3.777668715 -49.634815216 -0.663446903 -0.467815876 -0.477616638 0.335959733
1403636728563555584.000000 23.268930435 -3.841345310 -49.615726471 -0.671427250 -0.458074987 -0.465884775 0.349720150
1403636729013555456.000000 23.132482529 -3.977109909 -49.577098846 -0.637382269 -0.500772655 -0.462165296 0.359685749
1403636729663555584.000000 22.901453018 -4.223012447 -49.555461884 -0.628018498 -0.514253438 -0.451554596 0.370451927
1403636729963555584.000000 22.783880234 -4.355168343 -49.520671844 -0.634030044 -0.516131282 -0.444806308 0.365734637
1403636730213555456.000000 22.683231354 -4.462421417 -49.522232056 -0.636062205 -0.517357528 -0.441183358 0.364860803
1403636730963555584.000000 22.412652969 -4.684709072 -49.482353210 -0.648648262 -0.520169139 -0.420309514 0.363344908
1403636731213555456.000000 22.349493027 -4.708718300 -49.450820923 -0.645945847 -0.502876341 -0.426614076 0.384538472
1403636732013555456.000000 22.289878845 -4.795819283 -49.530853271 -0.636380196 -0.510107100 -0.441296309 0.374257475
1403636732513555456.000000 22.293962479 -4.873517513 -49.631744385 -0.620000362 -0.519019008 -0.461675197 0.364794254
1403636733013555456.000000 22.213487625 -5.022581577 -49.601795197 -0.618676841 -0.515366495 -0.459645838 0.374649137
1403636735963555584.000000 21.174541473 -6.026375294 -49.228210449 -0.638847172 -0.516701460 -0.437023669 0.365929306
1403636737663555584.000000 20.668479919 -6.230833054 -49.133666992 -0.598657668 -0.563606977 -0.403242558 0.401686072
1403636738863555584.000000 20.504348755 -6.268778324 -48.930820465 -0.643030584 -0.508328080 -0.429203063 0.379340261
1403636740663555584.000000 20.831798553 -6.325315952 -49.312213898 -0.731461287 -0.360554963 -0.512150466 0.269567370
1403636740963555584.000000 20.875373840 -6.343284607 -49.384498596 -0.728413284 -0.367630333 -0.512871087 0.266880602
1403636741363555584.000000 20.910034180 -6.383061886 -49.556015015 -0.735413074 -0.349633783 -0.519049823 0.259829223
1403636742063555584.000000 20.957725525 -6.447846413 -49.775417328 -0.740841925 -0.361008465 -0.513171136 0.239753097
1403636742813555456.000000 21.038415909 -6.398143768 -49.875766754 -0.730785668 -0.360598832 -0.514270067 0.267296046
1403636743063555584.000000 21.063962936 -6.381782055 -49.951339722 -0.736519277 -0.356995791 -0.509895205 0.264764488
1403636743313555456.000000 21.097482681 -6.367068768 -50.036418915 -0.762781739 -0.355742157 -0.482150137 0.243192881
1403636743563555584.000000 21.163427353 -6.322132111 -50.076232910 -0.759922802 -0.348412156 -0.490572840 0.245895773
1403636746063555584.000000 21.861776352 -5.932279110 -51.048507690 -0.748584270 -0.311933637 -0.544314086 0.214572191
1403636746663555584.000000 21.793901443 -5.874489307 -50.935649872 -0.763227224 -0.303853631 -0.527179837 0.217344716
1403636746913555456.000000 21.736663818 -5.842149734 -50.946559906 -0.776356578 -0.300882757 -0.502133489 0.233670846
1403636747163555584.000000 21.718250275 -5.803711891 -50.929809570 -0.762820423 -0.308189541 -0.519970357 0.229684904
1403636747663555584.000000 21.710815430 -5.688719273 -50.808753967 -0.759945273 -0.307114780 -0.530101955 0.217153475
1403636747913555456.000000 21.694475174 -5.616478920 -50.730491638 -0.764283121 -0.297000647 -0.528205395 0.220592588
1403636748513555456.000000 21.697128296 -5.460872650 -50.572311401 -0.762715995 -0.296891809 -0.534671843 0.210346460
1403636749613555456.000000 21.804986954 -5.324882507 -50.313766479 -0.761676550 -0.285154104 -0.546493292 0.199702770
1403636749863555584.000000 21.823444366 -5.323732376 -50.260009766 -0.754408300 -0.283218741 -0.553995728 0.209150791
1403636750913555456.000000 21.689235687 -5.387763977 -49.951503754 -0.754228115 -0.310726404 -0.534947097 0.220046848
1403636751413555456.000000 21.572233200 -5.413457870 -49.696151733 -0.766194105 -0.305936337 -0.520775020 0.219415084
1403636751913555456.000000 21.500391006 -5.419684887 -49.500568390 -0.768243730 -0.314483374 -0.504910231 0.236574113
1403636752213555456.000000 21.510877609 -5.424057961 -49.398811340 -0.756257713 -0.327113122 -0.516606927 0.232784599
1403636753113555456.000000 21.536863327 -5.407164574 -49.138313293 -0.670360863 -0.469438672 -0.478982240 0.317521065
1403636753763555584.000000 21.443237305 -5.376310349 -49.145339966 -0.618273079 -0.530644596 -0.441937298 0.375294626
1403636754063555584.000000 21.372861862 -5.375131130 -49.147758484 -0.618475139 -0.525745213 -0.447452098 0.375322521
1403636754563555584.000000 21.214014053 -5.414175987 -49.080234528 -0.611749053 -0.527725339 -0.454649627 0.374917179
1403636755013555456.000000 21.002323151 -5.500156879 -49.066692352 -0.579216599 -0.566492021 -0.428299278 0.400193393
1403636755513555456.000000 20.726972580 -5.653982162 -49.034915924 -0.583138645 -0.582976937 -0.405761391 0.394265085
1403636756013555456.000000 20.423109055 -5.781812191 -49.014739990 -0.581628621 -0.572150111 -0.414154232 0.403520375
1403636756463555584.000000 20.136610031 -5.884705544 -48.970932007 -0.577424824 -0.571491063 -0.417573959 0.406952828
1403636756763555584.000000 19.941076279 -5.962356567 -48.969921112 -0.574751318 -0.571528554 -0.417469829 0.410773754
1403636757263555584.000000 19.613891602 -6.144670010 -48.923641205 -0.574177742 -0.572590292 -0.413979739 0.413619578
1403636757513555456.000000 19.453374863 -6.254115582 -48.935718536 -0.572810531 -0.580846071 -0.412365258 0.405537844
1403636757763555584.000000 19.282314301 -6.361421108 -48.924938202 -0.573487461 -0.602069914 -0.388657063 0.396950573
1403636758013555456.000000 19.103883743 -6.432828903 -48.859100342 -0.566321313 -0.605136871 -0.382511377 0.408380538
1403636758563555584.000000 18.723316193 -6.546257973 -48.799999237 -0.578736603 -0.600471139 -0.357191950 0.420609355
1403636758813555456.000000 18.582748413 -6.566127777 -48.812042236 -0.575567365 -0.593362689 -0.364924043 0.428337961
1403636759263555584.000000 18.398141861 -6.567126274 -48.871383667 -0.575327933 -0.571635246 -0.363556653 0.458320379
1403636759663555584.000000 18.345321655 -6.591278076 -48.973449707 -0.554744542 -0.591434598 -0.391118407 0.435304582
1403636759863555584.000000 18.336011887 -6.615224838 -48.992465973 -0.553009689 -0.593067884 -0.392297596 0.434227318
1403636760263555584.000000 18.320560455 -6.667845249 -49.030429840 -0.561399400 -0.598075330 -0.382184833 0.425524861
1403636760463555584.000000 18.316873550 -6.685397148 -49.057910919 -0.553376615 -0.592624843 -0.393556654 0.433224440
1403636760663555584.000000 18.313642502 -6.710916042 -49.092159271 -0.557130158 -0.602319002 -0.387444496 0.420362532
1403636760863555584.000000 18.305351257 -6.733633995 -49.119247437 -0.552393436 -0.604518533 -0.392682672 0.418591917
1403636761063555584.000000 18.287342072 -6.755710602 -49.145931244 -0.555221558 -0.606137633 -0.387361169 0.417465746
1403636761263555584.000000 18.260904312 -6.771099567 -49.173648834 -0.566571355 -0.615094900 -0.369540632 0.405086368
1403636761463555584.000000 18.230068207 -6.764690876 -49.184501648 -0.559689641 -0.608741999 -0.379876941 0.414577216
1403636761663555584.000000 18.196987152 -6.748564243 -49.182270050 -0.554735422 -0.596927404 -0.388937056 0.429737389
1403636761863555584.000000 18.167539597 -6.736731529 -49.175052643 -0.563176334 -0.586361766 -0.378065199 0.442808032
1403636762063555584.000000 18.155187607 -6.729899406 -49.160530090 -0.554265559 -0.595559716 -0.393090695 0.428460091
1403636762313555456.000000 18.134019852 -6.728086948 -49.142856598 -0.555356860 -0.611874700 -0.393589914 0.402833819
1403636762513555456.000000 18.098463058 -6.717111111 -49.157302856 -0.571801841 -0.601715744 -0.370818526 0.416502714
1403636762713555456.000000 18.067417145 -6.691980839 -49.200046539 -0.574802458 -0.579074740 -0.365624726 0.447876245
1403636762863555584.000000 18.064277649 -6.677344799 -49.233493805 -0.555482566 -0.568397880 -0.391344130 0.463910192
1403636763063555584.000000 18.090456009 -6.708092213 -49.245559692 -0.582223356 -0.566248596 -0.391649425 0.432422489
1403636763213555456.000000 18.099140167 -6.720920086 -49.249961853 -0.589139998 -0.544563115 -0.404234320 0.439271718
1403636763663555584.000000 18.103996277 -6.736503601 -49.268230438 -0.593044758 -0.545871735 -0.398759395 0.437393457
1403636763813555456.000000 18.106016159 -6.745008945 -49.272243500 -0.593374193 -0.545576096 -0.398359090 0.437680155
